# Constructed from biom file
#OTU ID	10918.38802.R1.fastq.gz	10918.38895.R1.fastq.gz	10918.38896.R1.fastq.gz	10918.38899.R1.fastq.gz	10918.38903.R1.fastq.gz	10918.39015.R1.fastq.gz	10918.39024.R1.fastq.gz	10918.39025.R1.fastq.gz	10918.39027.R1.fastq.gz	10918.39028.R1.fastq.gz	10918.39029.R1.fastq.gz	10918.39125.R1.fastq.gz	10918.39127.R1.fastq.gz	10918.39130.R1.fastq.gz	10918.39136.R1.fastq.gz
04195686f2b70585790ec75320de0d6f	964.0	5256.0	7916.0	7233.0	3547.0	15751.0	20951.0	4788.0	4992.0	30.0	20979.0	84.0	1084.0	4288.0	3968.0
e2c3ff4f647112723741aa72087f1bfa	13056.0	4899.0	16237.0	6369.0	7452.0	12285.0	38.0	12364.0	174.0	24802.0	9057.0	23390.0	13052.0	8373.0	14564.0
c18afe570abfe82d2f746ecc6e291bab	0.0	659.0	173.0	0.0	17856.0	109.0	44.0	0.0	2586.0	60.0	1697.0	284.0	0.0	52.0	0.0
ac5402de1ddf427ab8d2b0a8a0a44f19	0.0	17508.0	0.0	0.0	25.0	15.0	10.0	17.0	32.0	0.0	0.0	0.0	1349.0	1622.0	0.0
ece1af985b63ebccd2833e9b5f0432e3	91.0	0.0	187.0	117.0	2936.0	0.0	0.0	47.0	504.0	0.0	317.0	0.0	0.0	0.0	2639.0
4e1758e81adcb1107024ee52c0113a6f	35.0	48.0	0.0	5613.0	2533.0	0.0	0.0	0.0	154.0	198.0	0.0	0.0	88.0	38.0	24.0
c4f9ef34bd2919511069f409c25de6f1	278.0	0.0	0.0	9862.0	0.0	0.0	0.0	0.0	0.0	0.0	815.0	92.0	0.0	0.0	0.0
2a99ec1157a90661db7ff643b82f1914	0.0	0.0	32.0	0.0	0.0	0.0	0.0	4049.0	0.0	0.0	0.0	29.0	0.0	8606.0	0.0
ea2b0e4a93c24c6c3661cbe347f93b74	15.0	11.0	0.0	0.0	0.0	0.0	0.0	0.0	0.0	0.0	0.0	25.0	0.0	108.0	25.0
dff37b3a4d27b9220b9af1459162a48b	0.0	0.0	0.0	3.0	0.0	0.0	0.0	0.0	6613.0	0.0	0.0	0.0	0.0	0.0	0.0
c162a4f3943238810eba8a25f0563cca	41.0	0.0	0.0	0.0	0.0	0.0	0.0	0.0	0.0	21.0	0.0	0.0	0.0	0.0	0.0
8937656c16c20701c107e715bad86732	26.0	10.0	0.0	0.0	0.0	0.0	0.0	0.0	0.0	0.0	0.0	19.0	0.0	0.0	8.0
ad7bc2bb6e1ec90a9bc3c8949bce80d6	0.0	0.0	0.0	0.0	0.0	1982.0	1326.0	371.0	810.0	0.0	0.0	0.0	1146.0	45.0	0.0
79280cea51a6fe8a3432b2f266dd34db	0.0	0.0	0.0	0.0	0.0	0.0	0.0	0.0	0.0	0.0	0.0	0.0	12.0	0.0	6.0
78eecb7cd2176d3a2ed21ce8154ba1b3	363.0	0.0	0.0	0.0	0.0	0.0	0.0	0.0	82.0	0.0	587.0	0.0	0.0	0.0	0.0
94b000e59b7ac160b0416c9ab45ff0bf	516.0	0.0	264.0	80.0	268.0	0.0	12083.0	44.0	127.0	71.0	261.0	124.0	23.0	18.0	36.0
eea6b86c0c75e740670ccc50613b1b23	16.0	0.0	0.0	11.0	21.0	0.0	0.0	0.0	0.0	0.0	3.0	0.0	0.0	0.0	0.0
d75b7080930e7a77ef3de8c6154895b9	0.0	0.0	0.0	0.0	0.0	0.0	0.0	0.0	0.0	0.0	68.0	0.0	30.0	0.0	0.0
04c8be5a3a6ba2d70446812e99318905	65.0	0.0	0.0	0.0	0.0	0.0	0.0	0.0	0.0	0.0	742.0	0.0	7109.0	0.0	0.0
a66dd8d31584930c2b0f811f572dddcf	32.0	0.0	0.0	2477.0	10.0	0.0	0.0	0.0	0.0	0.0	0.0	51.0	0.0	0.0	5.0
25def15fb42bed6855ede4893d27a21d	0.0	0.0	14.0	0.0	0.0	0.0	0.0	0.0	0.0	0.0	4664.0	0.0	0.0	0.0	0.0
f9b52205cb2d03153fd394a290212a10	0.0	0.0	0.0	0.0	0.0	0.0	0.0	0.0	0.0	0.0	0.0	6.0	0.0	0.0	0.0
c1b636001e0773f9cca8096d70e8b5de	0.0	3927.0	2352.0	0.0	2772.0	97.0	0.0	496.0	713.0	2668.0	2201.0	481.0	0.0	0.0	934.0
b0645cbec7653c887cb868a248d95874	0.0	0.0	0.0	0.0	0.0	0.0	0.0	0.0	0.0	0.0	0.0	13.0	0.0	0.0	0.0
992072d045462445dc239b35300af2cc	0.0	0.0	0.0	0.0	0.0	0.0	0.0	0.0	12.0	0.0	0.0	0.0	0.0	0.0	0.0
a650f349bbdffb95b3624519d1ba72b8	67.0	0.0	236.0	0.0	0.0	0.0	61.0	2096.0	9.0	236.0	0.0	1318.0	323.0	54.0	88.0
3d766867c97f511431bf97e059d6498f	0.0	0.0	0.0	0.0	0.0	0.0	0.0	0.0	4.0	0.0	0.0	0.0	0.0	0.0	0.0
9695acecaba71cc9fc1458080b07d1fa	5.0	0.0	0.0	0.0	0.0	0.0	0.0	0.0	49.0	0.0	0.0	0.0	0.0	0.0	33.0
8ce931b0c99ad5ed648c25483c1ca492	17.0	79.0	2.0	134.0	0.0	475.0	2362.0	0.0	101.0	284.0	342.0	3.0	70.0	112.0	0.0
6c83fec6e8d03fad51eabc871853c991	31.0	3287.0	0.0	0.0	167.0	95.0	36.0	0.0	0.0	0.0	0.0	236.0	0.0	56.0	967.0
124c75409b4ecd0bf23a84e28593567d	11712.0	0.0	0.0	0.0	0.0	0.0	0.0	0.0	0.0	0.0	0.0	9.0	1553.0	4828.0	0.0
47ad35356a9bfec68416d32e4f039021	0.0	4.0	0.0	0.0	0.0	0.0	0.0	0.0	0.0	0.0	0.0	66.0	0.0	6.0	0.0
f83bc32e60e9c7bddf53a52937cc7ab6	81.0	0.0	0.0	0.0	121.0	0.0	0.0	0.0	0.0	0.0	149.0	0.0	0.0	0.0	0.0
1986030e3c5cd5df6d869054bc96e536	6.0	165.0	0.0	0.0	17.0	276.0	3.0	6.0	0.0	381.0	0.0	8.0	0.0	54.0	77.0
ad52a0f6646c574417ce0b13b84acfa9	0.0	0.0	0.0	0.0	2.0	0.0	0.0	0.0	0.0	0.0	0.0	5.0	0.0	0.0	0.0
e6a34eb113dba66df0b8bbec907a8f5d	0.0	0.0	0.0	1307.0	0.0	0.0	0.0	0.0	0.0	0.0	0.0	5.0	4.0	0.0	0.0
b8315874f4341a59e8e3ed317406ab09	289.0	36.0	0.0	0.0	85.0	1334.0	0.0	0.0	0.0	0.0	0.0	19.0	406.0	146.0	0.0
2a2947125c677c6e27898ad4e9b9dca7	0.0	0.0	0.0	0.0	0.0	0.0	0.0	12.0	0.0	0.0	0.0	0.0	0.0	0.0	0.0
0cc2420a6a4698f8bf664d50b17d26b4	0.0	0.0	0.0	0.0	0.0	0.0	0.0	0.0	0.0	45.0	0.0	10.0	0.0	0.0	0.0
764bb70efe70ec930379806d178319cb	0.0	0.0	0.0	0.0	0.0	0.0	0.0	0.0	0.0	0.0	4.0	0.0	0.0	0.0	0.0
df3f8cdac76c62baa98469c33b82d8df	0.0	0.0	0.0	0.0	0.0	0.0	0.0	0.0	0.0	0.0	0.0	29.0	0.0	0.0	0.0
29bb5fa7f45e47bbabab8cc1b1b3d18e	0.0	2537.0	1215.0	163.0	0.0	82.0	0.0	0.0	207.0	2576.0	9.0	344.0	0.0	0.0	2116.0
f7686a74ca2d3729eb66305e8a26309b	0.0	0.0	0.0	0.0	0.0	0.0	0.0	0.0	0.0	0.0	0.0	5.0	8.0	0.0	0.0
d996e8d86e152c0a3c5852a2d8c4c52c	2.0	0.0	0.0	0.0	3.0	0.0	0.0	0.0	0.0	0.0	0.0	0.0	0.0	0.0	0.0
b45c9784d674879d68d54362419a1d70	0.0	0.0	0.0	0.0	0.0	0.0	210.0	0.0	13.0	44.0	0.0	0.0	0.0	0.0	0.0
8e6e925baa81466352ff781a289e188d	17.0	1611.0	0.0	0.0	0.0	5.0	0.0	37.0	17.0	0.0	0.0	0.0	0.0	16.0	0.0
a4ecfb2e708863a17978a0942358ffc3	0.0	0.0	0.0	0.0	102.0	0.0	0.0	0.0	0.0	0.0	0.0	0.0	0.0	0.0	0.0
8720f9ecd2331ce68e2896df1bf2d977	0.0	0.0	0.0	0.0	0.0	0.0	0.0	0.0	0.0	0.0	0.0	19.0	0.0	4.0	0.0
6a17479edbe461431433bddb084f731e	0.0	0.0	0.0	453.0	0.0	0.0	0.0	0.0	0.0	0.0	0.0	0.0	2.0	0.0	0.0
131d3b899e72f19fcae1b0f9f8f3a009	0.0	0.0	0.0	0.0	0.0	0.0	0.0	0.0	0.0	0.0	0.0	8.0	0.0	0.0	0.0
b3fef1e26b7b6ac20847ede4da68547a	0.0	0.0	0.0	0.0	0.0	67.0	0.0	0.0	0.0	0.0	0.0	0.0	20.0	0.0	0.0
932e1f2d3f75eaba13d2b2be2f2f7cb3	45.0	0.0	0.0	0.0	0.0	0.0	0.0	0.0	0.0	0.0	0.0	0.0	0.0	0.0	0.0
de61860db8d93da85692dffb5cf32ab9	0.0	0.0	0.0	249.0	0.0	0.0	0.0	0.0	0.0	0.0	145.0	6.0	0.0	0.0	0.0
691656f33e727f8857f5c9ee40ed05b1	0.0	0.0	0.0	0.0	0.0	0.0	0.0	0.0	0.0	0.0	0.0	0.0	0.0	0.0	314.0
b75d05e361f46e33b39ef21d05334744	0.0	0.0	0.0	0.0	0.0	0.0	0.0	0.0	0.0	0.0	0.0	0.0	3501.0	0.0	0.0
5d62137a2d05df0be8d6b7e163a3ef08	0.0	0.0	0.0	0.0	0.0	0.0	0.0	6.0	0.0	0.0	0.0	0.0	0.0	0.0	0.0
bca0b81a0b8d59e90c25a323c2f62f31	0.0	0.0	206.0	0.0	254.0	0.0	0.0	0.0	0.0	52.0	0.0	0.0	0.0	0.0	0.0
599ba6458e91e2527f358f547ea39261	0.0	130.0	0.0	0.0	0.0	0.0	0.0	0.0	0.0	0.0	0.0	0.0	0.0	0.0	0.0
e5c67d4a73757253e743eb1cc11aa761	0.0	0.0	0.0	0.0	0.0	0.0	0.0	0.0	0.0	0.0	0.0	0.0	0.0	180.0	0.0
2b982979f2401a8bc447d7141879e9b2	0.0	0.0	0.0	0.0	25.0	0.0	0.0	0.0	0.0	0.0	0.0	0.0	0.0	0.0	0.0
d061a99148d649c4eca4836c5f4b5b68	0.0	0.0	0.0	0.0	0.0	0.0	0.0	0.0	0.0	0.0	0.0	8.0	0.0	0.0	0.0
19cb3add28813b2bf3e1f40a000d33c2	0.0	0.0	0.0	0.0	0.0	0.0	0.0	0.0	0.0	0.0	0.0	2.0	0.0	0.0	0.0
877f27b47c85f6b2d3cf8a6aa86def40	0.0	0.0	0.0	0.0	0.0	0.0	0.0	0.0	0.0	0.0	0.0	12.0	0.0	0.0	0.0
ea3433f2c148c6fae4cc2e9ae197f5b8	0.0	118.0	0.0	30.0	0.0	2.0	0.0	0.0	0.0	0.0	704.0	0.0	0.0	0.0	0.0
4311a44a7d56ce4086afad3e75bedd6e	0.0	2177.0	0.0	0.0	0.0	0.0	0.0	0.0	0.0	0.0	0.0	0.0	0.0	0.0	0.0
7d4bc1c15b975e6ffe247f13716e5f53	0.0	11.0	205.0	41.0	45.0	148.0	0.0	0.0	16.0	50.0	0.0	220.0	98.0	56.0	1769.0
161551008a744871aa77a22127bc4369	0.0	0.0	0.0	0.0	0.0	0.0	0.0	0.0	0.0	0.0	0.0	0.0	0.0	0.0	11671.0
11b87544ba5c2450ef40a729e9160acb	0.0	0.0	0.0	0.0	0.0	0.0	0.0	0.0	33.0	0.0	0.0	0.0	0.0	0.0	0.0
d0f1985c2b919dcbd0bf4664c844a900	0.0	171.0	3402.0	0.0	3108.0	0.0	0.0	0.0	90.0	6.0	51.0	0.0	0.0	0.0	0.0
ea3af29626a95b6c7b89d631bf1a739c	0.0	0.0	0.0	0.0	0.0	0.0	0.0	0.0	0.0	0.0	0.0	11.0	0.0	0.0	0.0
458157e555a80f9ba01d9da37ef787eb	0.0	2.0	0.0	0.0	0.0	0.0	0.0	0.0	0.0	0.0	0.0	12.0	0.0	0.0	0.0
ef1e4ce321f7da16072a07c43712b353	0.0	0.0	0.0	0.0	0.0	0.0	0.0	0.0	0.0	0.0	0.0	0.0	10947.0	0.0	0.0
1ba09da532a0f9985b3caf72a47b42e3	0.0	0.0	0.0	0.0	0.0	0.0	0.0	0.0	8.0	0.0	55.0	0.0	0.0	0.0	0.0
5e151aa3f416a2fa6f0a1d8985282783	9.0	0.0	0.0	0.0	0.0	0.0	0.0	0.0	0.0	0.0	0.0	0.0	0.0	0.0	0.0
7be9bac1b13acbd8acf0de464d7c20e6	72.0	0.0	65.0	0.0	0.0	0.0	24.0	102.0	0.0	148.0	0.0	0.0	0.0	54.0	0.0
1243750138937650754b619370565800	0.0	0.0	0.0	0.0	0.0	0.0	0.0	0.0	0.0	0.0	0.0	0.0	6.0	0.0	0.0
370829fece3190f1a8efccf50b7d0921	0.0	317.0	0.0	253.0	0.0	0.0	4.0	0.0	0.0	0.0	70.0	0.0	698.0	0.0	0.0
bc4177a5fd330e9c23138dac2d6c69e0	9.0	0.0	0.0	0.0	0.0	0.0	0.0	0.0	0.0	0.0	0.0	0.0	0.0	0.0	0.0
74ec9fe6ffab4ecff6d5def74298a825	0.0	0.0	0.0	0.0	0.0	0.0	0.0	0.0	0.0	0.0	453.0	0.0	88.0	0.0	0.0
7667b07b46f3d78c76f13781337cd218	0.0	0.0	0.0	0.0	0.0	0.0	0.0	0.0	2214.0	0.0	0.0	0.0	0.0	0.0	10.0
95f0cac7cb67191beab572915835222e	177.0	0.0	0.0	0.0	0.0	0.0	0.0	0.0	0.0	0.0	0.0	0.0	0.0	0.0	0.0
3baa56d5f42b81f2817aa34412e36439	0.0	0.0	0.0	0.0	0.0	0.0	0.0	278.0	0.0	0.0	0.0	0.0	0.0	0.0	0.0
03569e3fd843f501355f7853b0ec9361	0.0	0.0	0.0	0.0	0.0	0.0	0.0	0.0	0.0	0.0	0.0	15.0	0.0	0.0	0.0
539c656b9710b0099a96a678b3023299	1204.0	34.0	0.0	0.0	0.0	0.0	0.0	0.0	0.0	0.0	0.0	0.0	0.0	0.0	0.0
1ad289cd8f44e109fd95de0382c5b252	0.0	0.0	0.0	0.0	0.0	0.0	805.0	0.0	0.0	0.0	0.0	0.0	0.0	0.0	0.0
0f92fcc184a951ff8b0914467ad2f8f9	14.0	0.0	0.0	211.0	0.0	0.0	0.0	0.0	0.0	0.0	0.0	7.0	0.0	10.0	0.0
f47f8e690205be8c0572db3c32829f43	0.0	0.0	0.0	0.0	0.0	0.0	0.0	0.0	0.0	0.0	0.0	16.0	0.0	0.0	0.0
6ed7152332889b69d2d2f33c53b68934	0.0	0.0	156.0	113.0	0.0	0.0	0.0	60.0	0.0	5.0	0.0	0.0	0.0	0.0	0.0
5b6a30b5a900999d91448bc79c5e14d4	0.0	0.0	0.0	0.0	0.0	0.0	0.0	2.0	0.0	0.0	0.0	0.0	0.0	0.0	0.0
8f4a3341ccda8d1b45f286cb686a3aec	0.0	1439.0	1321.0	0.0	875.0	0.0	0.0	0.0	0.0	0.0	0.0	232.0	0.0	0.0	0.0
7a9469ff27dc7afffdb7238976da0a6e	0.0	0.0	0.0	0.0	0.0	0.0	0.0	0.0	0.0	0.0	0.0	0.0	0.0	2.0	0.0
993ea35e8ad7ff6894e32247dc507e9b	0.0	0.0	0.0	0.0	0.0	0.0	0.0	0.0	122.0	0.0	0.0	0.0	0.0	0.0	0.0
143dd6319cc76fcc35bc3ae8b5ffbda0	0.0	0.0	0.0	0.0	0.0	0.0	0.0	0.0	0.0	0.0	0.0	5.0	0.0	0.0	0.0
2480f3aa1e7784b461d9b5b83a6bfc81	603.0	47.0	0.0	0.0	4.0	60.0	0.0	17.0	33.0	59.0	80.0	0.0	26.0	22.0	6.0
3b092a59cd0e2d57483420cc994ec49c	0.0	0.0	0.0	0.0	0.0	0.0	26.0	0.0	0.0	0.0	0.0	0.0	0.0	0.0	0.0
0021d135d4ac12982cc8abdf2b38e23f	0.0	0.0	0.0	0.0	0.0	0.0	0.0	0.0	0.0	0.0	0.0	6.0	0.0	0.0	0.0
858be9542c4efbc8e1753defcd1ba0dc	3561.0	0.0	0.0	0.0	0.0	0.0	0.0	0.0	0.0	0.0	0.0	0.0	0.0	0.0	0.0
0ae0be308568d07e0434434b14b8d565	0.0	0.0	0.0	0.0	0.0	7.0	0.0	125.0	0.0	0.0	0.0	0.0	0.0	0.0	0.0
6a5f9d9d0fbc066a57bb7798f9f371ff	0.0	0.0	40.0	0.0	0.0	0.0	31.0	0.0	0.0	5.0	61.0	0.0	0.0	0.0	0.0
67cd78854a06d6e3867c28745e509ad9	0.0	0.0	0.0	0.0	0.0	281.0	0.0	0.0	0.0	0.0	0.0	0.0	65.0	0.0	0.0
0f0c741eeebdb89289460115e9430f1a	0.0	0.0	0.0	0.0	0.0	0.0	0.0	0.0	0.0	0.0	0.0	0.0	0.0	0.0	115.0
18a2d4ffc2f4ba00c178fa54b8a88b02	0.0	0.0	0.0	0.0	0.0	0.0	0.0	0.0	0.0	0.0	0.0	5.0	0.0	0.0	0.0
bae0d49b5eb22b0dfaecbcbf39a52265	0.0	48.0	0.0	63.0	0.0	0.0	160.0	10.0	0.0	0.0	108.0	0.0	0.0	0.0	0.0
74923f4bbde849e27fc4eda25d757e2a	0.0	0.0	0.0	0.0	0.0	6.0	0.0	0.0	0.0	14.0	0.0	0.0	0.0	2.0	0.0
fa1d5d724ccb4287e07ea1caa9d35502	0.0	0.0	0.0	0.0	0.0	0.0	0.0	11.0	0.0	0.0	0.0	0.0	0.0	0.0	0.0
d9b76ee51ff2b6961430bf352cc578f2	0.0	0.0	0.0	0.0	0.0	0.0	0.0	109.0	0.0	37.0	0.0	142.0	0.0	0.0	198.0
832e6210c0410af8e0356bea5ec39c80	0.0	0.0	0.0	0.0	0.0	0.0	0.0	3.0	0.0	0.0	0.0	0.0	0.0	0.0	0.0
a4dbf71f32a016e120fe6cf253dfa6c0	0.0	0.0	0.0	0.0	0.0	0.0	0.0	0.0	3268.0	0.0	0.0	0.0	0.0	0.0	0.0
68c83aae1babce28612ba404b1096cc1	5.0	0.0	2.0	3.0	11.0	7.0	0.0	0.0	0.0	0.0	0.0	85.0	0.0	30.0	0.0
bda6b6e7da7508c68057140e7bd6cd8d	0.0	0.0	0.0	0.0	0.0	0.0	0.0	0.0	0.0	0.0	0.0	4.0	0.0	0.0	0.0
48d9883fd871b82d9bbc89cb0447be8c	0.0	0.0	0.0	0.0	0.0	0.0	0.0	0.0	58.0	0.0	102.0	0.0	0.0	0.0	0.0
04cf55ca51883bf19bca35e8ab225def	0.0	0.0	0.0	0.0	0.0	0.0	0.0	0.0	0.0	0.0	7.0	0.0	0.0	0.0	0.0
f837443696652157e220ae13e330e0e6	15.0	0.0	0.0	0.0	0.0	0.0	0.0	0.0	0.0	0.0	0.0	0.0	0.0	0.0	0.0
3e93fd55a231bb99b67a666bad8446a8	0.0	25.0	0.0	0.0	0.0	7.0	0.0	3.0	0.0	0.0	0.0	0.0	18.0	0.0	0.0
b678d830a23af8626e8af01d29a08d18	29.0	0.0	0.0	18.0	0.0	0.0	0.0	0.0	0.0	11.0	0.0	0.0	0.0	0.0	0.0
d73c014c9a033812619aa44e9cae934f	0.0	10.0	0.0	8.0	0.0	0.0	0.0	0.0	0.0	0.0	0.0	0.0	0.0	0.0	0.0
68bb0065fa02ba7b52acf3f4d833895b	0.0	0.0	0.0	0.0	0.0	0.0	0.0	0.0	0.0	0.0	0.0	0.0	0.0	0.0	166.0
9e8e56f06c0615130e1e2f459bd4052a	18.0	23.0	0.0	0.0	0.0	26.0	0.0	0.0	0.0	10.0	11.0	28.0	10.0	54.0	0.0
9478530fe286b6839b11fde9c2b0f9a0	0.0	0.0	0.0	59.0	0.0	0.0	0.0	0.0	0.0	0.0	781.0	0.0	0.0	0.0	0.0
424613c7d3d2daf5c715d1356a972381	0.0	0.0	0.0	0.0	0.0	0.0	0.0	5.0	0.0	0.0	6.0	0.0	0.0	0.0	0.0
34cddd9fe152c24d78924ef25927d67c	0.0	0.0	0.0	166.0	0.0	0.0	0.0	0.0	0.0	0.0	0.0	0.0	0.0	0.0	0.0
b1cc61423f9cdd7009e52e461c8d09a8	0.0	0.0	0.0	0.0	0.0	0.0	0.0	0.0	0.0	0.0	0.0	14.0	0.0	0.0	0.0
e0fdbc7f687a7ea0cf13009c2e501197	0.0	0.0	0.0	0.0	0.0	0.0	0.0	0.0	0.0	0.0	0.0	4.0	0.0	0.0	0.0
4c43e27f9e322a71a891d99891f8cb0e	0.0	0.0	0.0	0.0	0.0	396.0	0.0	0.0	0.0	0.0	0.0	0.0	0.0	0.0	0.0
3ab478dc774698160752d65d58e108ca	0.0	0.0	0.0	0.0	0.0	0.0	0.0	0.0	0.0	0.0	0.0	4.0	0.0	0.0	0.0
9ac5fec396208e598ab2e2d26985d0df	23.0	0.0	0.0	10.0	0.0	9.0	0.0	102.0	0.0	0.0	0.0	0.0	29.0	10.0	0.0
490d2aec117bd7289577684ba3cc1b64	0.0	0.0	0.0	0.0	0.0	0.0	0.0	0.0	0.0	0.0	0.0	9.0	0.0	0.0	0.0
3128e057b1d4f320961e4da677724613	0.0	367.0	0.0	0.0	0.0	6.0	0.0	0.0	0.0	0.0	0.0	0.0	0.0	0.0	0.0
2fee36ac3b841b7c63b377f87cd57634	46.0	0.0	0.0	0.0	0.0	0.0	286.0	0.0	0.0	0.0	78.0	0.0	0.0	0.0	0.0
37ff76f02e76dd8fc629cb05575defb1	0.0	0.0	0.0	0.0	0.0	0.0	0.0	0.0	0.0	0.0	0.0	0.0	0.0	0.0	429.0
caf54b4995a78b51266cb0e4aed4deae	0.0	0.0	0.0	0.0	0.0	0.0	0.0	0.0	0.0	0.0	0.0	0.0	0.0	0.0	46.0
1bf05d12bfd387888facafd52c07a37b	0.0	0.0	0.0	0.0	0.0	0.0	0.0	28.0	0.0	0.0	0.0	0.0	0.0	0.0	0.0
74a6bacdf0fb3a6e34ef1c2baad96ae4	0.0	0.0	0.0	0.0	0.0	0.0	0.0	0.0	0.0	0.0	0.0	22.0	0.0	0.0	0.0
5ff715b26c5f3632a12da2d4dbd758bd	0.0	0.0	0.0	0.0	0.0	0.0	0.0	0.0	0.0	0.0	0.0	0.0	16.0	0.0	0.0
cea0486054293b47714d155ca349b763	0.0	0.0	0.0	0.0	0.0	0.0	0.0	0.0	0.0	0.0	0.0	4.0	0.0	0.0	0.0
3ee072a59b45057a86369a7c80ad90e4	0.0	0.0	0.0	0.0	0.0	0.0	0.0	8.0	0.0	5.0	0.0	0.0	0.0	0.0	428.0
5f8ce151844ef4c092fd0f2ffcaee5f3	0.0	0.0	0.0	23.0	0.0	0.0	0.0	0.0	0.0	0.0	0.0	0.0	0.0	0.0	0.0
2c1dcc76478dfbb19fa59690738202c6	0.0	0.0	0.0	0.0	0.0	0.0	0.0	0.0	0.0	0.0	105.0	0.0	0.0	0.0	0.0
a4ca655c03a9fd3a09de413a16b9b4dd	0.0	0.0	0.0	0.0	0.0	0.0	0.0	11.0	0.0	0.0	0.0	0.0	0.0	0.0	0.0
b47e999a38113e0e4e2b139e8b861fdd	0.0	0.0	0.0	0.0	0.0	0.0	0.0	0.0	0.0	0.0	0.0	7.0	0.0	0.0	0.0
3df77157a242066dfb4eb9c19062436a	4.0	0.0	0.0	0.0	0.0	0.0	0.0	0.0	0.0	0.0	0.0	0.0	4.0	0.0	0.0
e2bf5a8c1878477d542ef764b910e5a2	0.0	0.0	0.0	0.0	0.0	32.0	0.0	0.0	0.0	0.0	0.0	0.0	0.0	0.0	0.0
91b88aa295fe09a255b2f321d9d2b12b	0.0	0.0	0.0	0.0	0.0	0.0	0.0	0.0	0.0	18.0	0.0	0.0	0.0	0.0	0.0
537e2908816dbfcfa47a4ff767cf425c	14.0	0.0	0.0	8.0	0.0	0.0	0.0	11.0	0.0	0.0	0.0	0.0	0.0	0.0	0.0
5a0df24ab3d9c2d78a043cd477a54b4f	0.0	0.0	0.0	0.0	0.0	0.0	0.0	14.0	0.0	0.0	0.0	0.0	0.0	0.0	0.0
a9387e76477da8688775569cf540191b	0.0	0.0	0.0	0.0	0.0	0.0	0.0	0.0	0.0	0.0	8.0	0.0	0.0	0.0	0.0
82585d0d14cc315f9da0257c3a2875a4	4.0	0.0	0.0	0.0	0.0	0.0	0.0	0.0	0.0	0.0	0.0	0.0	0.0	2.0	7.0
2c4b30ff9f23a8129b3a37d6b7e366ef	4.0	0.0	0.0	0.0	0.0	0.0	0.0	0.0	0.0	0.0	0.0	0.0	0.0	0.0	0.0
61795ee8e60f4a0f66080ab812573fb8	0.0	0.0	0.0	0.0	0.0	0.0	0.0	0.0	0.0	0.0	33.0	0.0	0.0	0.0	0.0
b48a25941ae901a73b4a2830cc24b382	0.0	0.0	0.0	0.0	0.0	0.0	0.0	0.0	0.0	0.0	0.0	0.0	0.0	0.0	712.0
dafe809740d0545dc25c6939a84a1820	0.0	11.0	0.0	0.0	0.0	0.0	0.0	0.0	0.0	0.0	0.0	0.0	0.0	0.0	0.0
9e82bd4703bb768b16f9834147fe432f	0.0	0.0	107.0	14.0	0.0	0.0	0.0	0.0	0.0	0.0	0.0	0.0	0.0	0.0	0.0
9d4e16844252e2dfbaf80a4a6fc4d55d	0.0	0.0	4.0	0.0	0.0	14.0	0.0	7.0	0.0	2.0	0.0	0.0	0.0	6.0	9.0
9b2d42844c99887e67257a377f7b193b	0.0	0.0	0.0	0.0	0.0	0.0	0.0	0.0	401.0	0.0	0.0	0.0	0.0	0.0	0.0
474c0429d88613a3b36e9438b3f50c4c	0.0	0.0	0.0	0.0	0.0	0.0	0.0	0.0	0.0	0.0	0.0	8.0	0.0	0.0	0.0
de6891b6f7a1f35bd9ccbc058b9e1a77	0.0	0.0	0.0	0.0	0.0	0.0	0.0	0.0	0.0	0.0	0.0	14.0	0.0	0.0	0.0
3514edf8db9eb572249444bb9639b705	67.0	0.0	0.0	0.0	0.0	0.0	0.0	0.0	0.0	0.0	0.0	0.0	0.0	0.0	0.0
d284b92d7518959fe5d52aa45b687394	0.0	0.0	0.0	0.0	0.0	0.0	0.0	0.0	0.0	0.0	0.0	0.0	0.0	0.0	442.0
d1539f8c2855fe568d1313f20d26710d	0.0	0.0	0.0	0.0	0.0	0.0	0.0	0.0	0.0	388.0	0.0	0.0	0.0	0.0	0.0
4eb2c50a69efefc9d10540928ce08822	0.0	0.0	0.0	0.0	0.0	0.0	0.0	0.0	0.0	0.0	0.0	10.0	0.0	0.0	0.0
d56536a97c18adccf18eb08958d93345	0.0	0.0	0.0	0.0	4.0	0.0	0.0	0.0	0.0	0.0	0.0	0.0	0.0	0.0	0.0
07bfddb8e62098a85afc8fd68ebc308c	0.0	0.0	0.0	0.0	0.0	0.0	4.0	0.0	0.0	0.0	0.0	0.0	0.0	0.0	0.0
8fd6bffb88d374f38c6bf35cc8a4a221	0.0	0.0	21.0	0.0	0.0	0.0	0.0	0.0	0.0	0.0	0.0	0.0	0.0	0.0	153.0
58f8e686e307447e406c949d885e39e1	0.0	0.0	0.0	0.0	0.0	0.0	0.0	0.0	0.0	0.0	0.0	0.0	0.0	360.0	0.0
b9024a1f377b62508864cfea59b16a31	0.0	0.0	0.0	0.0	0.0	0.0	0.0	0.0	3.0	0.0	0.0	0.0	0.0	0.0	0.0
6e8986f8088b452f964e7968bb8bca87	0.0	0.0	0.0	0.0	0.0	0.0	0.0	0.0	0.0	0.0	0.0	0.0	0.0	0.0	54.0
a7aa855ab631a7a2f1acea17ca371405	0.0	0.0	0.0	0.0	67.0	0.0	0.0	0.0	0.0	0.0	0.0	0.0	0.0	0.0	0.0
68a65b413fa0a4cc044502290dfbcba2	0.0	0.0	0.0	0.0	112.0	0.0	0.0	0.0	0.0	0.0	0.0	0.0	0.0	0.0	0.0
aef5f1f3d43308ecd35f5c629842a676	10.0	0.0	0.0	0.0	0.0	0.0	0.0	0.0	0.0	0.0	0.0	0.0	0.0	0.0	0.0
954f244280781f0339631a6eee679e1e	0.0	68.0	0.0	0.0	0.0	0.0	0.0	0.0	0.0	0.0	105.0	0.0	0.0	0.0	0.0
7bae7418357d68731b7c8d90c702f7a2	0.0	0.0	0.0	0.0	0.0	0.0	0.0	5.0	0.0	0.0	0.0	0.0	0.0	0.0	0.0
7e3f4a0767fe59521a6db1862056798d	0.0	0.0	0.0	0.0	0.0	0.0	0.0	0.0	0.0	0.0	0.0	19.0	0.0	0.0	165.0
1ef9d7dc5f8c93a8a43bd84e55f9a08e	0.0	0.0	0.0	0.0	0.0	0.0	0.0	0.0	0.0	0.0	0.0	0.0	0.0	0.0	26.0
d1b7d3ea1db807e9352522d92e403246	0.0	0.0	0.0	0.0	0.0	0.0	0.0	0.0	19.0	0.0	0.0	0.0	0.0	0.0	0.0
240a1c612d82c7e9d68aff5b13f0a84a	0.0	0.0	0.0	0.0	0.0	0.0	0.0	0.0	0.0	0.0	0.0	4.0	0.0	0.0	0.0
c57474d9f15c5ff5ba058af0c2d92276	0.0	0.0	0.0	0.0	0.0	0.0	0.0	0.0	0.0	5.0	0.0	0.0	0.0	0.0	0.0
f9cf686875cec7082c83d04aef7daf50	0.0	0.0	0.0	0.0	0.0	0.0	0.0	0.0	155.0	0.0	0.0	0.0	0.0	0.0	0.0
7a8d29c59b803baaed9cc1f04ce0dc33	0.0	0.0	0.0	0.0	0.0	0.0	0.0	0.0	0.0	0.0	7.0	0.0	0.0	0.0	0.0
8b552242692b7a00da051e30e79b98ca	0.0	0.0	0.0	0.0	0.0	0.0	0.0	29.0	0.0	0.0	0.0	0.0	0.0	0.0	0.0
f79e6cfe675543a42443c4428fa484c8	0.0	0.0	0.0	0.0	0.0	0.0	0.0	0.0	0.0	20.0	0.0	0.0	0.0	0.0	0.0
1ec1ceed3bca315b6dcb886f4623b248	0.0	0.0	0.0	0.0	0.0	0.0	0.0	0.0	0.0	0.0	0.0	4.0	0.0	0.0	0.0
0a5225695ff3a449ad8ce395d75c3799	0.0	0.0	0.0	0.0	0.0	0.0	0.0	0.0	0.0	0.0	0.0	4.0	0.0	0.0	0.0
c8ae16a39fbfa227aadd2e6d5a63da7e	0.0	0.0	0.0	0.0	106.0	0.0	0.0	0.0	0.0	0.0	0.0	0.0	0.0	0.0	0.0
4538e0fb6bc73c497881ba21dac95410	0.0	0.0	0.0	0.0	0.0	0.0	0.0	0.0	12.0	0.0	0.0	0.0	0.0	0.0	0.0
0540bf08e9a1eb8691a9b1be2afe577a	16.0	0.0	0.0	0.0	0.0	0.0	0.0	0.0	0.0	2.0	0.0	0.0	0.0	0.0	0.0
decdbf710fe0d893c5b1429b10dbbb7d	0.0	72.0	0.0	0.0	0.0	0.0	0.0	0.0	0.0	0.0	0.0	0.0	0.0	0.0	0.0
94035fd1b8dabc1d79586ff8b52846b3	0.0	0.0	0.0	0.0	47.0	0.0	0.0	0.0	0.0	0.0	0.0	0.0	0.0	0.0	0.0
78d89b9599862e23b0019f1f39a7cd1b	0.0	0.0	0.0	0.0	0.0	0.0	0.0	0.0	0.0	0.0	67.0	0.0	0.0	0.0	0.0
2074011732335006a410295e3cf4dd1c	0.0	0.0	0.0	0.0	0.0	0.0	0.0	0.0	2.0	0.0	0.0	0.0	0.0	0.0	0.0
fb2ea90f7f5d0a5ed01b14059cb5eff4	0.0	0.0	0.0	0.0	0.0	0.0	0.0	0.0	0.0	0.0	0.0	0.0	0.0	0.0	66.0
10a9a0887483597b71cffa08dcda40de	0.0	65.0	0.0	0.0	0.0	0.0	0.0	0.0	0.0	0.0	0.0	0.0	0.0	0.0	0.0
fdcd6808ef8269653d25dce4a55a025d	0.0	0.0	0.0	0.0	0.0	0.0	0.0	0.0	0.0	0.0	0.0	7.0	0.0	0.0	0.0
c38dca2e6eccb9adf8cf021d76081883	0.0	0.0	0.0	54.0	0.0	0.0	0.0	0.0	0.0	0.0	0.0	0.0	0.0	0.0	0.0
7769cac4c6bfbe7e3cddd33636c22519	2.0	0.0	0.0	0.0	0.0	0.0	0.0	0.0	0.0	0.0	0.0	0.0	0.0	0.0	0.0
2cca9e3bd17f06418ac623fb0017c4cc	0.0	0.0	0.0	4.0	0.0	0.0	0.0	0.0	0.0	0.0	0.0	0.0	0.0	0.0	0.0
565064cada8dde5da4a2263afd6fbcf0	0.0	44.0	0.0	0.0	0.0	0.0	0.0	0.0	0.0	0.0	0.0	0.0	0.0	0.0	0.0
12e74fd9b94ebe15dd9dbe5758edcfb1	0.0	0.0	0.0	43.0	0.0	0.0	0.0	0.0	0.0	0.0	0.0	0.0	0.0	0.0	0.0
053c4d5b8717b60387f777efae437b40	0.0	0.0	0.0	0.0	0.0	0.0	0.0	18.0	0.0	0.0	0.0	0.0	0.0	0.0	0.0
0374d69a06fe46ad16ded615ae85090d	0.0	0.0	0.0	0.0	0.0	0.0	0.0	0.0	0.0	7.0	0.0	0.0	0.0	0.0	0.0
06c3920f5c7cf0ffc958e68a1f7b223c	0.0	0.0	0.0	0.0	0.0	0.0	0.0	0.0	0.0	0.0	0.0	12.0	0.0	0.0	0.0
d43ad42f3b1625379a2429c10f419eda	0.0	0.0	0.0	0.0	0.0	0.0	0.0	0.0	3.0	0.0	0.0	0.0	0.0	0.0	0.0
08a1598eb1ea4dca23db1135552cd5a7	0.0	0.0	0.0	0.0	0.0	0.0	0.0	0.0	0.0	22.0	0.0	0.0	0.0	0.0	0.0
8c701a9c3b6ce268dfa7d852725f0d74	0.0	0.0	0.0	0.0	0.0	0.0	0.0	25.0	0.0	0.0	0.0	0.0	0.0	0.0	0.0
496dfdc9b508213f9190c658f2271a45	0.0	0.0	0.0	0.0	0.0	0.0	0.0	0.0	0.0	5.0	0.0	0.0	0.0	0.0	0.0
7fd523fb395725c894ad7e62ebfb44cd	0.0	23.0	0.0	0.0	0.0	0.0	0.0	0.0	0.0	0.0	0.0	0.0	0.0	0.0	0.0
861f0f1660af872570ee9f5914b41ade	0.0	0.0	0.0	0.0	18.0	0.0	0.0	0.0	0.0	0.0	0.0	0.0	0.0	0.0	0.0
bd41a487dc9b925f867d13b831889b5f	0.0	0.0	0.0	0.0	0.0	0.0	0.0	7.0	0.0	0.0	0.0	0.0	0.0	0.0	0.0
38e3b7abf4e08699d7a1d1965f177086	0.0	0.0	0.0	0.0	0.0	0.0	0.0	18.0	0.0	0.0	0.0	0.0	0.0	0.0	0.0
7e86e84e054d9c5a6d485c9ef762c5c2	0.0	0.0	0.0	3.0	0.0	0.0	0.0	0.0	0.0	0.0	0.0	0.0	0.0	0.0	0.0
40449e39623789be550096e31288e622	0.0	0.0	0.0	0.0	0.0	0.0	0.0	0.0	0.0	0.0	0.0	2.0	0.0	0.0	0.0
fda83bcab9860631bd9edc8e56a159e3	0.0	0.0	0.0	2.0	0.0	0.0	0.0	0.0	0.0	0.0	0.0	0.0	0.0	0.0	0.0
1f1e7168f2e4d3aa6040a7c05dc58f49	0.0	0.0	0.0	0.0	0.0	0.0	0.0	10.0	0.0	0.0	0.0	0.0	0.0	0.0	0.0
8b05727d99c79a332979bc76401f32dd	0.0	0.0	0.0	0.0	0.0	0.0	0.0	0.0	0.0	0.0	0.0	0.0	10.0	0.0	0.0
3518eb08b8310d0ac4f30eb4a9646be9	9.0	0.0	0.0	0.0	0.0	0.0	0.0	0.0	0.0	0.0	0.0	0.0	0.0	0.0	0.0
185f287b8b5a235ef24c9c7e3fdfd0d9	0.0	0.0	0.0	0.0	2.0	0.0	0.0	0.0	0.0	0.0	0.0	0.0	0.0	0.0	0.0
7217df85b161775a2b41cb627166f316	0.0	0.0	0.0	0.0	0.0	0.0	0.0	0.0	0.0	0.0	0.0	4.0	0.0	0.0	0.0
bdb2c60864ae18c4302c9f144219512e	0.0	0.0	9.0	0.0	0.0	0.0	0.0	0.0	0.0	0.0	0.0	0.0	0.0	0.0	0.0
f834aa30754b532441168ceafe5201f6	0.0	0.0	0.0	8.0	0.0	0.0	0.0	0.0	0.0	0.0	0.0	0.0	0.0	0.0	0.0
20186172c10761ed4a39cde2c0dff008	0.0	0.0	0.0	0.0	0.0	0.0	0.0	0.0	0.0	8.0	0.0	0.0	0.0	0.0	0.0
d3cfb046a4a95f4a762489591a55f37a	0.0	0.0	0.0	0.0	0.0	0.0	0.0	0.0	0.0	0.0	0.0	8.0	0.0	0.0	0.0
952e9277b7f2b797bbc791df105fd98d	0.0	0.0	0.0	0.0	0.0	0.0	0.0	0.0	0.0	0.0	0.0	0.0	8.0	0.0	0.0
c247e329a9f62a6b1f9f98ae288a2455	6.0	0.0	0.0	0.0	0.0	0.0	0.0	0.0	0.0	0.0	0.0	0.0	0.0	0.0	0.0
aab1d1f5cd87433582e7e6bd8bff87b8	0.0	0.0	0.0	0.0	0.0	0.0	0.0	6.0	0.0	0.0	0.0	0.0	0.0	0.0	0.0
83aed15ae132a401972267b529fa5514	0.0	0.0	0.0	0.0	0.0	0.0	0.0	0.0	0.0	0.0	0.0	0.0	0.0	0.0	6.0
94e82c8fe79300263e8629beb9573bbf	0.0	0.0	0.0	0.0	0.0	0.0	0.0	0.0	5.0	0.0	0.0	0.0	0.0	0.0	0.0
520377f50c20cd5321ba6c651cb22709	0.0	0.0	0.0	0.0	0.0	0.0	0.0	0.0	0.0	0.0	0.0	0.0	5.0	0.0	0.0
e8af93461788d1ced30801aa8f136765	4.0	0.0	0.0	0.0	0.0	0.0	0.0	0.0	0.0	0.0	0.0	0.0	0.0	0.0	0.0
589b0cddaec80c91a182b6dff296ecbf	0.0	0.0	0.0	0.0	0.0	0.0	0.0	0.0	0.0	0.0	0.0	4.0	0.0	0.0	0.0
4faa0c0326e9c765d4eda356af6d274b	0.0	0.0	0.0	0.0	0.0	0.0	0.0	0.0	0.0	0.0	0.0	0.0	0.0	4.0	0.0
95b81a0a3a525bd9552e7e6366dfc5e6	0.0	0.0	0.0	3.0	0.0	0.0	0.0	0.0	0.0	0.0	0.0	0.0	0.0	0.0	0.0
70fd198c6727958ecbac68ba98882087	0.0	0.0	0.0	0.0	0.0	0.0	0.0	3.0	0.0	0.0	0.0	0.0	0.0	0.0	0.0
df9e766c6656f85b6a278b46e24d538a	0.0	0.0	0.0	0.0	0.0	0.0	0.0	0.0	0.0	0.0	0.0	3.0	0.0	0.0	0.0
96d4d01ea658c6f09754fee6d6eaeb65	0.0	0.0	0.0	0.0	0.0	0.0	0.0	0.0	0.0	0.0	0.0	3.0	0.0	0.0	0.0
1fdb57d940f5ae77831e0ffa6e2cd994	0.0	0.0	0.0	0.0	0.0	0.0	0.0	0.0	0.0	0.0	0.0	3.0	0.0	0.0	0.0
573050573de21c0b4ed58ff6abfad11d	0.0	0.0	0.0	0.0	0.0	0.0	0.0	0.0	0.0	0.0	0.0	0.0	3.0	0.0	0.0
b892cf2eeb4a2042e2d63f9e5d356905	0.0	0.0	0.0	0.0	2.0	0.0	0.0	0.0	0.0	0.0	0.0	0.0	0.0	0.0	0.0
95401a7e80bae35c4da2cd976905e0df	0.0	0.0	0.0	0.0	0.0	0.0	0.0	0.0	2.0	0.0	0.0	0.0	0.0	0.0	0.0
dad94e8e483024eebff62aa97796011f	0.0	0.0	0.0	0.0	0.0	0.0	0.0	0.0	2.0	0.0	0.0	0.0	0.0	0.0	0.0
e41a89709625361e27c5522e6a201176	0.0	0.0	0.0	0.0	0.0	0.0	0.0	0.0	2.0	0.0	0.0	0.0	0.0	0.0	0.0
dbe85d5e1364f9ef52c314a07602349d	0.0	0.0	0.0	0.0	0.0	0.0	0.0	0.0	0.0	2.0	0.0	0.0	0.0	0.0	0.0
cdb08991775009ee441b9a3c02173782	0.0	0.0	0.0	0.0	0.0	0.0	0.0	0.0	0.0	0.0	0.0	0.0	2.0	0.0	0.0
bc246f6ca88556b73b6038ee638cb885	0.0	0.0	0.0	0.0	0.0	0.0	0.0	0.0	0.0	0.0	0.0	0.0	2.0	0.0	0.0
cbbc74d95d3ee525f1c4835566c8bf9b	0.0	0.0	0.0	0.0	0.0	0.0	0.0	0.0	0.0	0.0	0.0	0.0	0.0	2.0	0.0
da1b18edbfb978f111c0d6aa14cfd233	0.0	0.0	0.0	0.0	0.0	0.0	0.0	0.0	0.0	0.0	0.0	0.0	0.0	0.0	2.0